


NPI
1255300034
1316985617
1407884182
1740202076
1891713715
1104800465
1265468110
1487689097
1598754269
1710960398
1154304251
1366468415
1669548772
1972542975
1043308570
1326021429
1720159395
1770566945
1801843693
1952478307
1982715850
1063437788
1154420719
1588655641
1114990298
1053387795
1063405082
1063490431
1093796419
1134104920
1215928346
1245207828
1326238411
1356332639
1366425522
1407847965
1447317995
1457342024
1457460487
1497806749
1518080639
1588647945
1649248899
1679564322
1730170911
1750344008
1770542391
1821089558
1821170564
1871578823
1881787067
1922086487
1972575942
1982695086
1275573701
1326001215
1477583441
1528026002
1568558039
1659318350
1710903448
1750329058
1861480535
1952349243
1720170137
1902902315
1730168972
1750358164
1841252038
1912932633
1952332041
1316901960
1407854128
1477551992
1487871927
1609852516
1790797538
1811971922
1821070418
1992706139
1578656005
1356447288
1487769733
1548436520
1649388018
1265426035
1376508812
1467417725
1598759367
1033182019
1477524387
1073532412
1437190634
1831137405
1295755635
1558393710
1609807817
1841222098
1053318766
1154538262
1245343219
1255397782
1477563674
1487651584
1861499964
1972796167
1982603221
1124024559
1508056185
1013976299
1114022357
1134122104
1467557694
1982894697
1992774434
1386719060
1447235486
1538144522
1639154628
1659356640
1720136757
1154319093
1366479412
1649427188
1801835756
1871583328
1710918032
1881645976
1043409691
1063420669
1174515803
1194717850
1396826376
1558523183
1730292608
1063499218
1255300141
1295962728
1902869720
1114019957
1437130028
1881634202
1124109178
1023103876
1053473983
1083660781
1154549665
1184670952
1215960232
1215992912
1215996376
1306805460
1346202439
1366402893
1427076736
1578528089
1578596508
1639389869
1710943436
1720049398
1871552349
1477533172
1841277803
1376625707
1689868440
1053345629
1053413500
1265424253
1417939810
1538141387
1609858463
1689765190
1740372911
1093715369
1235127622
1235129396
1275521361
1649256066
1760595516
1952344277
1174625347
1194807792
1285820274
1336396357
1518173665
1568547768
1598857591
1700968245
1053402503
1053552943
1093785396
1114945946
1124027487
1215966023
1255302055
1295810141
1316926330
1376623926
1396949913
1407855307
1407855612
1417044504
1427134485
1427146158
1447494612
1477520369
1508922907
1508924200
1558360446
1558362137
1568635530
1598703407
1598852683
1619057247
1629237987
1649253675
1669569752
1699852962
1770670861
1790703346
1851336275
1851362883
1851460406
1871502161
1871680942
1881693794
1891981346
1912982380
1932179744
1972690055
1982627873
1992892079
1053321547
1285880021
1295751808
1508882127
1750304267
1154313542
1275517088
1467436279
1790773299
1932183746
1346321593
1922120708
1356509491
1790748192
1831151695
1851346928
1013126085
1033103155
1083600266
1053492215
1114192242
1083795249
1467431999
1568543742
1982715892
1063572105
1124021209
1144223264
1194727263
1225031354
1245390392
1518982776
1578566089
1649349929
1770653115
1851497341
1902833304
1972663011
1245225275
1336253053
1528010386
1699889451
1770534653
1891747655
1992732234
1003998709
1407855489
1588704464
1609958313
1740281450
1861574576
1891877593
1144283458
1033118229
1043386626
1205817335
1205902871
1184604514
1225034788
1285630731
1386660207
1538194360
1609817428
1740287515
1780657148
1841297025
1932195138
1003802778
1033284823
1063512531
1194712943
1417929282
1487625158
1528283983
1740276484
1821085242
1952397655
1972599686
1952395881
1013996545
1063491439
1083600555
1144209503
1285639708
1316159601
1407825631
1659351484
1962497529
1033184692
1043260664
1194722462
1477559359
1669478053
1710968847
1760401236
1770574808
1982620027
1083641815
1235178500
1407946460
1548270069
1548288210
1568499325
1649204777
1659346294
1760400451
1780638775
1851319610
1689645277
1952372864
1053478131
1063414597
1083671846
1104853324
1114929544
1205850666
1407864457
1457343683
1477524924
1497957112
1649242710
1669442638
1851367684
1962475509
1982600425
1073540332
1083622559
1215145404
1235188970
1609805217
1558394460
1932299054
1285602680
1376511774
1386612778
1992734172
1164487120
1184683435
1376580696
1396706941
1407824154
1104829928
1134224595
1295786333
1881803344
1932102696
1952304610
1124178819
1144268913
1336235183
1386690337
1437362548
1528030848
1649242009
1679554380
1699949040
1992737860
1013028729
1033147566
1073728663
1114947967
1124000278
1164597704
1174638597
1205865094
1205877669
1306913033
1326101718
1326159021
1336180108
1366440455
1407923113
1447210059
1447292982
1457394744
1508042581
1518966357
1538116041
1548372022
1548375967
1568402469
1578580460
1588780381
1598784746
1619916129
1639284052
1679684476
1699741546
1699857508
1700826674
1730126582
1740278829
1780627075
1801818141
1811930100
1861461162
1942241641
1992733448
1992810311
1386637338
1013913292
1245235712
1316916349
1457301657
1588614697
1639217714
1649275124
1669477139
1679524573
1841268927
1841269966
1922076025
1932178050
1982717930
1023061876
1063564532
1356340517
1457503583
1629081963
1639225204
1972686384
1063685121
1114996170
1205843810
1215905286
1003875295
1013098870
1033290705
1184620122
1467544312
1487619581
1538173760
1588726558
1639223522
1689755365
1730185935
1881663284
1568567618
1376544841
1023051000
1063489235
1093780496
1124133210
1184676462
1215140454
1285742809
1336295039
1346215746
1356302095
1356309280
1356401608
1417988148
1457310856
1457441008
1497707459
1508908245
1518156959
1528022407
1538289483
1578510756
1578529277
1629011432
1649385634
1689624181
1699721654
1740274315
1891798914
1982645107
1396701009
1821018821
1104896505
1376513101
1528038361
1609922343
1205803202
1396708608
1417924663
1427026020
1508863671
1750358776
1790753325
1902874514
1992772925
1033174560
1265497861
1548225048
1861698946
1902861412
1922063437
1124096748
1427009083
1982672937
1033290853
1063552255
1194941419
1396966818
1689786212
1841330008
1861561490
1871587246
1023205697
1154411700
1194815738
1225091267
1518997147
1538122486
1659461291
1710071022
1609893130
1720084957
1992726335
1295702512
1699741629
1962478164
1952329062
1346333663
1629032107
1649234121
1689642860
1780647453
1801850268
1114131711
1699860536
1851404578
1013193705
1023064896
1174534697
1215907993
1245460575
1306816913
1356311435
1417937483
1457548158
1609846385
1619947215
1669631479
1790769222
1831173954
1831202480
1871572784
1881876241
1972573079
1992979736
1194743716
1306831961
1003869413
1154372738
1366495707
1629020565
1699727404
1174696843
1235221524
1245305598
1326109489
1457412454
1699852707
1740341726
1760481667
1780747378
1790846848
1841363595
1891707709
1902923253
1093744880
1568434686
1699730721
1902980873
1003990995
1043373822
1275616427
1376627430
1477637346
1487793568
1508910829
1538222302
1558486431
1679635502
1710040589
1730110669
1730242504
1750465662
1912080169
1033101670
1154313575
1811949308
1043460991
1114964434
1295947992
1518911734
1568519411
1588601801
1992720494
1003870171
1225014178
1396709010
1396782702
1598701559
1669417820
1710941430
1063402998
1154311082
1346428158
1699765529
1831189877
1285639310
1356387260
1407858467
1710983754
1841294121
1942204334
1033147186
1285692319
1053316349
1134125818
1215932645
1346245552
1407851793
1568664480
1750386058
1841278512
1851396295
1871598201
1902822166
1043215452
1114922432
1124023452
1205875218
1215915079
1245234608
1255319752
1679686661
1720200504
1790789188
1871571588
1659378867
1093819138
1174630503
1215981238
1255322848
1255371795
1255537239
1285601831
1306937461
1346240231
1346357019
1366419558
1366550931
1437199965
1487762118
1659489235
1700853363
1740496850
1750453254
1780791533
1790703312
1912014655
1942336920
1952310500
1962455931
1982671582
1548375660
1669475760
1588619142
1013010487
1164447660
1326140039
1689624645
1750321956
1114954310
1124062187
1336247212
1669460739
1831297795
1669469367
1770588733
1801891288
1306850508
1336120906
1023013497
1073500328
1093752826
1124017850
1245229772
1386627677
1497744122
1528063856
1538156856
1639254931
1679578595
1699762906
1740287184
1790772044
1891878146
1023003456
1073508180
1275528382
1336134766
1407841521
1659399624
1841285368
1104867365
1205863271
1245234624
1356356810
1427099423
1447271887
1467412908
1467474502
1548345994
1598773806
1770524704
1902867575
1003809435
1043210263
1073506341
1447268297
1568459006
1073571964
1104979830
1194783027
1205934288
1255315933
1255315958
1336180330
1366435927
1407804578
1407830193
1588622419
1609850395
1609945880
1821203977
1871591990
1891753729
1982652160
1649272899
1952366619
1043293038
1114925542
1164488110
1265420459
1720097207
1730185299
1790794261
1831184738
1871589416
1033107156
1154387033
1255328597
1285660332
1306830138
1326036534
1336136522
1346237575
1346238474
1366439689
1386631562
1437146552
1497770499
1558359851
1578550810
1598752842
1679560924
1750378972
1780635235
1780672097
1831186162
1851388052
1881681013
1932197233
1952575888
1104832641
1265435077
1306937669
1548263353
1548276140
1578556098
1588667398
1679561294
1922014547
1033189584
1043428089
1053426783
1114972254
1124032610
1346262193
1528033958
1598785966
1659377638
1851389514
1942254768
1982611398
1992767362
1003919366
1427068493
1487736856
1487833505
1649201740
1689601239
1780610568
1902873490
1962422485
1194769810
1245211242
1336120336
1386635548
1487691655
1629023080
1821144502
1831136613
1851399778
1861454696
1871574186
1235100439
1306842836
1427048537
1467423574
1659376192
1316920143
1760463053
1104809714
1699766378
1932173101
1730178658
1073511432
1275506875
1356301733
1821058496
1265609580
1295716645
1275732174
1740214840
1740398262
1215956289
1265476352
1285645838
1326079831
1538103122
1730134925
1801813357
1801828405
1992749139
1053348037
1265412829
1275580722
1295714384
1699755116
1780663880
1790765337
1841210713
1114166139
1215977350
1730115981
1043394166
1174517593
1184708281
1194751354
1215036652
1245267723
1306862669
1417990367
1639226517
1679521090
1710086152
1710177654
1730295742
1831298264
1902842412
1386609394
1811952831
1811954977
1144241464
1962498444
1144332495
1184694333
1639149867
1003804204
1093761124
1467435222
1659367233
1679543805
1679573372
1932293834
1003819269
1144223298
1265428676
1326048356
1699776518
1770581662
1013911668
1144259235
1245212844
1639119589
1740284389
1912901513
1346263555
1508838681
1023075660
1144209982
1164452959
1275670788
1295716603
1306827126
1316948995
1437122454
1568435204
1578535720
1609876978
1669444907
1689647042
1700857315
1760453518
1790710481
1912965062
1942201652
1952369621
1982675658
1982730081
1154434645
1225052079
1326067596
1356342125
1376511444
1386660140
1548261423
1639179484
1710917364
1730105099
1831286871
1144214446
1386614345
1043224819
1093711103
1194940783
1336258516
1356359640
1447474523
1497785232
1508048513
1518939933
1619973864
1669674271
1679579981
1700882818
1710983002
1710994280
1851491468
1912903386
1922004399
1952593576
1962417451
1346246139
1013016930
1023075835
1104846823
1104960525
1164411716
1255351920
1265439442
1275638199
1306878962
1306931761
1386621654
1396835096
1447214911
1467417055
1487670147
1497710941
1497771661
1518986462
1588629059
1598829178
1639117781
1760623557
1770548034
1790885408
1790977650
1811929334
1871581611
1891854683
1942267083
1982704375
1699723981
1043274525
1114913258
1144271941
1144304841
1275617904
1336135474
1467400150
1730151846
1831185875
1851335822
1972547438
1114914272
1912994971
1134195159
1215026885
1265425078
1295728459
1295917425
1942266929
1316947849
1376589515
1407966484
1326039272
1649262742
1720192693
1033188719
1114926060
1154313260
1205896818
1225094741
1225209844
1295706646
1295735058
1457442832
1467424531
1487652152
1508835174
1528111903
1558475434
1588663983
1699731109
1750381513
1780798660
1801847603
1861458275
1881650356
1831176874
1891772778
1396722328
1649257650
1144200684
1215900311
1558364372
1447252135
1790787604
1831173269
1043266174
1164440962
1861442840
1861450280
1003852732
1003930215
1114987047
1154381416
1184735300
1255321683
1376595603
1437260650
1457340390
1457395444
1538128178
1699860585
1790774131
1790857621
1811935273
1811957756
1841209426
1871552414
1023194982
1053499954
1285601435
1366528325
1386641397
1396728507
1427029453
1457331704
1457387698
1497755177
1508989625
1558324129
1568403269
1609839315
1740279173
1740302850
1801972773
1811073877
1841376704
1912974452
1013902691
1083747976
1184638041
1215900592
1336189513
1407860364
1437196433
1588678155
1659385300
1710991443
1912911652
1063549343
1144372004
1295708980
1609829001
1194734640
1396726931
1700823705
1760463731
1073513917
1740384973
1033215967
1376736736
1508809252
1780783282
1811937451
1982656971
1568418358
1649247180
1659348191
1891737847
1942277496
1972705838
1063502540
1407826456
1417945049
1558429100
1619186368
1710975651
1760568794
1376528927
1851376404
1366476319
1578599288
1639259823
1912974379
1013963792
1265453070
1518928993
1871584250
1972570224
1548470347
1699778860
1902871197
1013963321
1023084035
1033162904
1093783250
1265493175
1407822430
1447206784
1538184825
1588630446
1598735748
1669428017
1679524078
1710953732
1750357604
1831187707
1013931526
1215936158
1629067269
1417036005
1700881059
1740286855
1790766392
1033109210
1124163407
1164403226
1174668404
1306827621
1386789618
1497890701
1932180338
1841246246
1346218823
1821201666
1033301858
1053342154
1083706964
1093784985
1104836154
1134135106
1164498317
1184716060
1194784207
1205808466
1225004385
1235221110
1285611673
1285660035
1417049396
1427027119
1427068618
1437136371
1437241312
1457338378
1457338444
1619941804
1649296880
1669579090
1699833434
1720038748
1720098064
1730102070
1760469928
1780768937
1801865506
1801872502
1801985726
1821008996
1902843337
1922077841
1922180116
1407040884
1891744652
1023098480
1134105265
1164409827
1174503684
1265402366
1265454201
1295712677
1326027384
1346226370
1467432468
1508846791
1629040076
1790757672
1932179181
1962423038
1982678363
1013983352
1205802741
1295701522
1750357299
1043426034
1124053285
1295756419
1609010800
1669494209
1770500639
1811914583
1922025907
1124012901
1144280835
1174516520
1205897436
1255343521
1326129792
1407815822
1629166442
1639181084
1770572257
1851350284
1972563682
1083799662
1235116591
1467646141
1558348433
1740336718
1760471031
1902971385
1861423139
1265465728
1174740435
1194702795
1245230309
1659461010
1861428583
1962439398
1184786634
1407801061
1477540821
1588727093
1720069248
1003087768
1013906411
1013940501
1023278892
1093774465
1114916517
1154340792
1164448734
1215997085
1245241983
1275574386
1275639585
1306818109
1306864160
1316906779
1356300719
1376527523
1427111947
1578721254
1609980911
1659564938
1689602146
1700845153
1700987708
1790718617
1811968126
1821028499
1831313691
1851325088
1881602092
1902910425
1912010323
1912967688
1932206307
1962401364
1962492611
1003805375
1174510523
1255328878
1720075179
1972590347
1093913220
1265625354
1427079938
1437140258
1558382069
1689695108
1174522486
1366488553
1376796508
1457464208
1609865294
1700863677
1750349270
1932147279
1053379776
1063618379
1295783363
1306804489
1023034337
1023088564
1043292246
1104842400
1114943420
1114992955
1144246463
1154447233
1164440616
1164699161
1215953526
1215953534
1255488201
1306828074
1316965320
1316965759
1437233533
1447315189
1497728489
1669447595
1679576359
1679599971
1720264898
1740488766
1740496660
1750427480
1811962657
1851393136
1912999160
1932125259
1952379224
1952380107
1962429597
1407903826
1205808672
1245202605
1295706679
1578535118
1598737058
1639140221
1972575488
1063409688
1104813732
1407843022
1417944042
1427045053
1497723472
1790772234
1962499806
1144332313
1154463529
1255539581
1609072347
1710077060
1780784645
1912049362
1972640134
1316031982
1730275439
1396716056
1881688679
1225135981
1780634923
1912916818
1952313850
1447212709
1518974948
1528029147
1558323758
1558323816
1073579090
1093936809
1124076997
1144278946
1205816667
1326131160
1326163981
1376624924
1548219553
1598717845
1609824424
1629162409
1649263542
1740254259
1942268768
1952369852
1003869124
1013972348
1144297664
1396712808
1700853215
1083679468
1386609147
1447344783
1750384921
1972568731
1063435071
1063519072
1659394583
1932121795
1023019064
1124174644
1245239342
1255326807
1285660316
1699764589
1770587461
1790713170
1922029388
1164484614
1184606071
1295717189
1457355166
1568441368
1598747164
1609984368
1659461135
1962601526
1013058452
1043210370
1093767717
1215932496
1245282888
1386697548
1396745741
1578532396
1649275827
1700927142
1821039892
1851344048
1881635852
1922059666
1962402321
1124094941
1235170473
1548207814
1780631911
1184826992
1437108081
1588653406
1740251933
1831131739
1851356828
1255370201
1447297965
1053354464
1114922531
1124060116
1144263633
1144264078
1194767061
1225076862
1225118524
1245277698
1265475677
1275575185
1285684944
1306884333
1356384200
1477596344
1497793509
1518059807
1609010776
1649213505
1669494134
1710976626
1770525933
1871531350
1871535823
1912949033
1912949868
1922041581
1023077153
1154390631
1164512414
1518141852
1568569242
1700899283
1851350979
1033116439
1821095266
1134121668
1265567242
1467412353
1548262900
1821030743
1063415735
1528091980
1952351736
1063493229
1083703698
1083707194
1124060546
1124113410
1134214190
1134215817
1164483178
1205921095
1215925250
1225134075
1245243948
1255439469
1275578486
1316010929
1316020290
1326102781
1326139098
1346201175
1346227816
1346341484
1346349016
1356383590
1366541054
1376585281
1376641308
1376648477
1386736304
1417042722
1437263506
1447220413
1457400616
1477651651
1497848279
1508070822
1508925082
1548475650
1558389791
1568557429
1578658480
1588758510
1598741225
1649364886
1669571980
1669577276
1689768475
1689770844
1700979275
1710149752
1760443782
1760588693
1801939202
1801980560
1841455508
1861484628
1871675249
1881793560
1922069624
1952342123
1952483380
1952497687
1972609097
1427081710
1841298387
1457354409
1073594628
1083650386
1144268087
1164464152
1215973961
1396933370
1477745800
1881615243
1891739280
1023022365
1033176946
1114942414
1255375531
1275626970
1285836098
1316904550
1316919020
1336155498
1427020114
1477526895
1487650651
1508838285
1750392908
1760454458
1770506297
1790774701
1801869268
1952373656
1144209024
1164529806
1225002843
1619956596
1669451548
1942201439
1134166788
1336181502
1881683159
1972541357
1134186166
1154369775
1447293840
1447293899
1679511125
1689650178
1902849805
1366403685
1386867448
1508890641
1790745370
1184642282
1609944586
1831257831
1104913599
1225012339
1578735569
1659355378
1801871215
1942310719
1053375675
1124002456
1225057631
1376597260
1558345199
1669457032
1881678506
1033193180
1053395624
1083730600
1134103476
1194815050
1407973993
1528042249
1598767733
1750365300
1790774180
1811035447
1851375414
1881678449
1891779534
1982675500
1992789036
1083660708
1396721601
1417903154
1750353348
1073590782
1184689762
1285618504
1457336976
1619911872
1881656775
1881682128
1972591212
1043308380
1578513842
1649220948
1649229618
1679522569
1790735686
1801845730
1932150315
1972554459
1992895510
1083656581
1124054390
1124125174
1548224447
1659363794
1770542979
1851323547
1932159357
1134102536
1316910102
1336112119
1447224050
1467664136
1487989927
1588621106
1629282389
1669445441
1760458103
1821065830
1851369821
1942455985
1982684742
1497738116
1851312789
1932149036
1437101755
1447229711
1649343815
1750440996
1760441968
1952374464
1073506531
1134140379
1366594855
1801860168
1851430862
1174521983
1487653176
1548340870
1578562393
1588663306
1629290549
1245249689
1518071208
1205845658
1336156199
1396754727
1396810834
1437100773
1538178991
1538268438
1679662688
1730267287
1952414948
1972512390
1356430227
1487694956
1538109004
1932139136
1083641518
1104039197
1114977071
1144240334
1164433645
1225049331
1235305608
1295748259
1427078039
1437268174
1487627147
1528093713
1598879918
1609946169
1720014160
1780658070
1790715399
1801871819
1821074857
1851311930
1891715090
1922143791
1972527810
1992725576
1124089685
1154427920
1164478855
1689784712
1801968334
1922116664
1962493551
1972774958
1992701239
1023083888
1033236765
1124131446
1144333477
1215966775
1356454623
1801842943
1841306743
1255490660
1033287537
1275601775
1831267327
1093800898
1184731135
1316955230
1356371967
1609057157
1508885088
1114926490
1528093085
1588630834
1649240052
1720074099
1861611931
1366465304
1902912892
1306862859
1427078070
1538187547
1609892256
1063417624
1184777468
1326023979
1396792487
1326023482
1215124664
1306861950
1316032113
1356300230
1437152816
1497717730
1699721035
1730264250
1871529081
1093740110
1184799892
1225007396
1407891641
1659349710
1710156807
1427069350
1629066220
1659572261
1730240219
1750342499
1831109792
1861452054
1952350548
1972513919
1215081575
1245379858
1265535256
1275536773
1295875854
1336168814
1487647335
1487799474
1568540193
1659303873
1740316272
1801892419
1861503609
1871583575
1003886698
1104874171
1275585424
1316999550
1841248812
1871545012
1174671739
1013032713
1063406163
1417927054
1669466868
1891789004
1003980947
1023182961
1033156682
1902979644
1972540516
1013086420
1043373681
1356357347
1437113586
1467545368
1518155357
1538238548
1548224058
1578632980
1649234790
1649346842
1679530018
1699792663
1720077480
1811951957
1851466403
1073600441
1083756308
1114015294
1205913589
1225121932
1255446308
1295824423
1609918556
1639225121
1649327016
1659428241
1720137094
1760420657
1790827640
1851427025
1932135290
1962538132
1023014461
1184669285
1265408447
1356457857
1407852858
1518963958
1528056389
1548263163
1578645057
1629184148
1821073636
1902837362
1952408999
1992736367
1659458883
1417024654
1437269313
1821067281
1922267285
1386600211
1053340778
1104883644
1619933850
1013018035
1376633149
1417047283
1023084720
1104808849
1205819471
1265414908
1275514648
1275591596
1326020090
1346265436
1487639795
1699748707
1730293374
1851493373
1043287378
1376539411
1972560076
1174590541
1194792119
1225005176
1336116706
1346217718
1356318208
1437126380
1508833971
1659348597
1689768848
1881697415
1053314633
1083704563
1255334926
1417949124
1427051077
1467455238
1497925051
1730182395
1801801311
1821091604
1841293420
1871596551
1881602308
1902900384
1922001023
1942203534
1083664338
1184718314
1376592212
1508959156
1518922111
1740239342
1881788099
1972697167
1184608994
1841361375
1033220520
1164533667
1356329106
1740255744
1093892648
1528026549
1548282353
1629084884
1639191448
1669492146
1730101361
1780789958
1043319023
1053358671
1073691432
1124030028
1144263948
1144267766
1154599488
1174686364
1184847469
1194801902
1215147947
1225118227
1285719088
1346247632
1356425078
1366497463
1376633222
1417978651
1538243258
1629154489
1649266321
1649356460
1710063516
1821188772
1861578668
1932301280
1942385752
1982784955
1437232626
1841243060
1922076173
1316010804
1184884470
1235219346
1376500280
1417046236
1720079965
1811913528
1891748331
1245229137
1750324349
1255320974
1356337349
1356508501
1558387746
1619963600
1861481079
1932146552
1952445223
1497706162
